35
     0     0     0   129     0    75    88   146   128   129     0    85   112     0    73     0   122   146     0     0     0     0     0   125     0     0     0     0   135   100     0     0   113     0    86
     0     0    90   148     0   111   117     0   109   107     0   111     0     0     0   131     0     0     0   139     0   124   146    73   144   115   121     0    98     0   119   138     0     0     0
     0    90     0     0   148    73    92     0    84     0   114     0     0     0    94     0   110     0   110   149     0    95   115    87     0   111   134     0     0     0     0   139     0     0    72
   129   148     0     0   101     0     0     0     0    99     0    83   116    80   127     0     0     0     0   145     0    76   129     0     0   139     0    95   100   141     0   119     0   142     0
     0     0   148   101     0   140     0     0     0     0    96    84     0     0   128   114     0    83     0    88     0   129     0     0     0   136     0     0   112    94     0     0   127     0     0
    75   111    73     0   140     0     0     0     0     0   127   132   116   104   137     0     0   119     0     0   116   104     0     0     0     0     0     0   128     0     0    93     0    99   109
    88   117    92     0     0     0     0   127     0     0     0   142   108     0   131   108     0    77     0    99     0    98     0     0   102     0     0     0     0     0   112     0    76   146    99
   146     0     0     0     0     0   127     0    93     0     0     0     0   125     0     0   139     0   110   148   116    87     0   105    83     0    95     0     0     0     0    92     0     0   106
   128   109    84     0     0     0     0    93     0     0     0   141     0   100     0    85   138     0     0     0   128    98    90    95     0     0   135    72     0   133     0     0     0   117   100
   129   107     0    99     0     0     0     0     0     0     0     0   135     0   148     0     0   116     0   141   144     0   120   138    94   109     0     0     0    98     0     0     0     0     0
     0     0   114     0    96   127     0     0     0     0     0     0   146    76     0    90     0     0   101     0     0     0     0   142     0     0   114     0   123     0    98     0     0    80    73
    85   111     0    83    84   132   142     0   141     0     0     0    87     0   148     0   106    89    88   105   129     0     0     0   143     0   142     0     0     0    96   147     0   128    94
   112     0     0   116     0   116   108     0     0   135   146    87     0     0   114     0     0     0    94   143     0    84   136   141     0     0     0     0     0     0    97     0     0     0   139
     0     0     0    80     0   104     0   125   100     0    76     0     0     0   138     0     0   102   133     0     0   143     0     0    94     0     0    97     0     0     0     0    91     0     0
    73     0    94   127   128   137   131     0     0   148     0   148   114   138     0    97    82   148     0     0     0   113     0     0     0     0     0     0   134   104     0     0     0   107     0
     0   131     0     0   114     0   108     0    85     0    90     0     0     0    97     0     0     0     0   126   113    86     0     0     0     0     0     0   120     0     0     0   106     0     0
   122     0   110     0     0     0     0   139   138     0     0   106     0     0    82     0     0   111   117     0     0   138   109   135   136     0     0    77     0     0     0     0     0     0   148
   146     0     0     0    83   119    77     0     0   116     0    89     0   102   148     0   111     0     0   122   148    96   111   111     0     0     0     0   102     0    94     0   104     0     0
     0     0   110     0     0     0     0   110     0     0   101    88    94   133     0     0   117     0     0   101     0     0     0    96     0     0     0   125     0   127     0     0   107   123     0
     0   139   149   145    88     0    99   148     0   141     0   105   143     0     0   126     0   122   101     0   144    91     0   131     0     0   101     0     0     0   121     0   148    91     0
     0     0     0     0     0   116     0   116   128   144     0   129     0     0     0   113     0   148     0   144     0    91     0   104   131     0   113     0     0     0     0     0   146    91     0
     0   124    95    76   129   104    98    87    98     0     0     0    84   143   113    86   138    96     0    91    91     0    98     0     0   132    72     0    72     0     0    80     0   149     0
     0   146   115   129     0     0     0     0    90   120     0     0   136     0     0     0   109   111     0     0     0    98     0     0     0    72   120     0   110     0     0     0     0     0   103
   125    73    87     0     0     0     0   105    95   138   142     0   141     0     0     0   135   111    96   131   104     0     0     0     0   119     0     0     0     0   119   133   119    94     0
     0   144     0     0     0     0   102    83     0    94     0   143     0    94     0     0   136     0     0     0   131     0     0     0     0     0    85     0     0   130   121     0     0     0   134
     0   115   111   139   136     0     0     0     0   109     0     0     0     0     0     0     0     0     0     0     0   132    72   119     0     0   125     0   102   139     0     0     0     0     0
     0   121   134     0     0     0     0    95   135     0   114   142     0     0     0     0     0     0     0   101   113    72   120     0    85   125     0     0     0    96   100    81     0     0     0
     0     0     0    95     0     0     0     0    72     0     0     0     0    97     0     0    77     0   125     0     0     0     0     0     0     0     0     0     0     0     0     0    92   109     0
   135    98     0   100   112   128     0     0     0     0   123     0     0     0   134   120     0   102     0     0     0    72   110     0     0   102     0     0     0   141     0     0     0   134   105
   100     0     0   141    94     0     0     0   133    98     0     0     0     0   104     0     0     0   127     0     0     0     0     0   130   139    96     0   141     0   136     0    82     0   142
     0   119     0     0     0     0   112     0     0     0    98    96    97     0     0     0     0    94     0   121     0     0     0   119   121     0   100     0     0   136     0   138    83     0     0
     0   138   139   119     0    93     0    92     0     0     0   147     0     0     0     0     0     0     0     0     0    80     0   133     0     0    81     0     0     0   138     0    72     0   112
   113     0     0     0   127     0    76     0     0     0     0     0     0    91     0   106     0   104   107   148   146     0     0   119     0     0     0    92     0    82    83    72     0    84    96
     0     0     0   142     0    99   146     0   117     0    80   128     0     0   107     0     0     0   123    91    91   149     0    94     0     0     0   109   134     0     0     0    84     0   127
    86     0    72     0     0   109    99   106   100     0    73    94   139     0     0     0   148     0     0     0     0     0   103     0   134     0     0     0   105   142     0   112    96   127     0
