32
     0   106    97   116    84   124   129   136    77     0     0   114   112   118     0    84    82   131     0   136    84   136   105   118   132    88    82     0   147   113     0   127
   106     0    95     0    75     0    91    98   138    83   133    85   103     0   121   113     0    82   108     0   120   100   149    88   114   135     0   123    75   149    84     0
    97    95     0     0    84     0     0     0   117   120   101     0   103   117   119     0     0    80   141     0     0    98    75   143     0    86     0   142     0   101     0    76
   116     0     0     0    95   127    93     0    82    85   142   111   138   134     0   129   124    82     0   133     0    98     0    96   122   144   145   127     0    72     0    88
    84    75    84    95     0    96     0     0    82   133    99     0   140   102    89   132   107     0   148    78    84    92     0   143    98    84   104   141     0   123   138    90
   124     0     0   127    96     0   134    96   117   134   147    86   105   125    87   122   125    73    80    74   143   111    93   125   148    91   107   136   112   100     0   139
   129    91     0    93     0   134     0   101   109     0   130     0    74    97   124   112   122    91    97    95    81   131   149    72    78   124     0    75    87     0   128   122
   136    98     0     0     0    96   101     0   103   125    97    76   120     0   109   141   137   113   130     0    88    72   110   145    73    84    82   100    79   108   124   143
    77   138   117    82    82   117   109   103     0   143     0   123   145    71    72   149   142     0   104     0   121    95    79   122   100   104    81   145    91   124   126    83
     0    83   120    85   133   134     0   125   143     0   100   140     0     0    78    78   129     0    89   107     0   112   102   135     0   106    95   108     0   101    71    84
     0   133   101   142    99   147   130    97     0   100     0     0    75   117   118   125   141     0   101    72   145   134   137   115    75   111    91    87   115   136   148     0
   114    85     0   111     0    86     0    76   123   140     0     0   122   115     0     0   142   133    77     0    94   118   112    93   130   142     0     0     0     0   147   144
   112   103   103   138   140   105    74   120   145     0    75   122     0   146   114   112    96    80   117    73     0    75     0   102     0   139     0   120     0    81    75   115
   118     0   117   134   102   125    97     0    71     0   117   115   146     0     0    73   119   101    71   146     0   145     0   117     0   129   127   140     0    98    89   138
     0   121   119     0    89    87   124   109    72    78   118     0   114     0     0    78   136   135     0     0   126   107   100   142     0   108   109   110   110    89     0   141
    84   113     0   129   132   122   112   141   149    78   125     0   112    73    78     0    74   113   126    78    78   128   101    84   104    97     0   133    71     0   131   110
    82     0     0   124   107   125   122   137   142   129   141   142    96   119   136    74     0   116    79     0   104    79   140   144   143   117   101   147   109     0   113     0
   131    82    80    82     0    73    91   113     0     0     0   133    80   101   135   113   116     0    82   148   127    75     0   114   130    92   145   137    99   123     0   143
     0   108   141     0   148    80    97   130   104    89   101    77   117    71     0   126    79    82     0    87     0   131    90    71   132   125   110    73   133   118    81    99
   136     0     0   133    78    74    95     0     0   107    72     0    73   146     0    78     0   148    87     0     0   112     0   128     0   120   118   101   133    81     0    87
    84   120     0     0    84   143    81    88   121     0   145    94     0     0   126    78   104   127     0     0     0   132   138    91     0    71     0   118   112   145    81   115
   136   100    98    98    92   111   131    72    95   112   134   118    75   145   107   128    79    75   131   112   132     0    94   128   107    75   147   107   111    98   121    88
   105   149    75     0     0    93   149   110    79   102   137   112     0     0   100   101   140     0    90     0   138    94     0   135    90    73    84   106   131   133    74   136
   118    88   143    96   143   125    72   145   122   135   115    93   102   117   142    84   144   114    71   128    91   128   135     0   117    85    73    74   127   147   128   149
   132   114     0   122    98   148    78    73   100     0    75   130     0     0     0   104   143   130   132     0     0   107    90   117     0    84    99   134   103   122   112   139
    88   135    86   144    84    91   124    84   104   106   111   142   139   129   108    97   117    92   125   120    71    75    73    85    84     0   101    85    96   142   112   122
    82     0     0   145   104   107     0    82    81    95    91     0     0   127   109     0   101   145   110   118     0   147    84    73    99   101     0    80    97   116     0    83
     0   123   142   127   141   136    75   100   145   108    87     0   120   140   110   133   147   137    73   101   118   107   106    74   134    85    80     0   111    72   118   148
   147    75     0     0     0   112    87    79    91     0   115     0     0     0   110    71   109    99   133   133   112   111   131   127   103    96    97   111     0     0    76     0
   113   149   101    72   123   100     0   108   124   101   136     0    81    98    89     0     0   123   118    81   145    98   133   147   122   142   116    72     0     0    79    90
     0    84     0     0   138     0   128   124   126    71   148   147    75    89     0   131   113     0    81     0    81   121    74   128   112   112     0   118    76    79     0   144
   127     0    76    88    90   139   122   143    83    84     0   144   115   138   141   110     0   143    99    87   115    88   136   149   139   122    83   148     0    90   144     0
